6.930180913821055479e-05
-1.880152889117671020e-02
-3.723252809694315147e-07
-3.227593109021436829e-06
-3.059630434321455748e-06
1.517435325886816282e-02
-1.441114528460734750e-08
-2.807769860947078944e-08
-1.379304972622369746e-07
6.583035865001981515e-07
-1.705828573284187688e-02
-1.125222502008215727e-07
-1.127792931549183665e-07
-1.097691216095585545e-06
-9.739857568785987009e-08
-9.339906284652443765e-08
2.641062326672367566e-05
1.632174283084810072e-05
6.115496829482232136e-07
-5.444272621847701982e-08
-6.932870107258900516e-01
-1.097144274077997688e-06
-1.028670987123667544e-06
6.646302634512666932e-06
6.586814100734644475e-06
6.357274676519146636e-06
-1.565289632688248900e-05
-4.009807192189764883e-08
6.304616655735314119e-09
1.101397617803108117e-02
-9.773036992890978978e-08
-5.665024766279869239e-07
-2.174121843294087911e-08
-4.932409333360958289e-06
-1.345828863536167918e-07
-1.129378019123278134e-07
-4.868937679056864789e-06
9.286566831340159418e-09
-1.502743920233553772e-07
2.286742143282536885e-06
2.229270627787314002e-06
2.128787170615857430e-06
2.268686269776860966e-07
-7.164567516224829954e-07
-1.447613611331894031e-06
