8.193888257851564239e-05
-1.904131203973280159e-02
2.060795620489964115e-06
-2.018918438181255337e-06
-2.255188362113549796e-06
1.485033043372381567e-02
6.836143130718467838e-08
-3.810757717696128987e-08
1.815989998378359364e-08
1.485026378606852885e-06
-1.703677122991098525e-02
-2.172111816025582945e-07
-2.152191083113985450e-07
-1.124321155512617517e-06
1.425331146730638808e-08
-5.198450521194863029e-08
6.348589795272924197e-06
-4.958166664386105663e-05
2.151697305791001321e-05
2.153681904517494930e-05
-6.793430977286891714e-01
2.034912663703518594e-07
-2.051130195140748649e-07
5.474827736028746077e-06
-5.209203098449419847e-07
1.119216663688024327e-06
-4.011409818736888250e-05
1.885592814953638372e-06
1.843476068171962529e-06
9.581020208207188457e-03
-1.742864883009096851e-08
-7.105639241852712024e-06
7.418841503420104530e-08
-2.020724309836450930e-05
1.591037980858465592e-08
-7.194354107893378950e-06
-2.062386826418674714e-05
-6.967696588363640529e-08
-5.985674176740623008e-08
-1.728791632159421555e-06
6.632466278864374560e-07
1.680416658397825740e-05
-6.496744764875953672e-08
-7.814572735023707172e-06
-7.393892221008038448e-06
