2.684083538932341507e-06
-1.886080798099561487e-02
-5.334723782826384920e-08
-1.529872768584439243e-07
-5.123182159650797546e-08
-1.519846683315064818e-02
5.927317374722484121e-08
5.868145505636691651e-08
1.877650360716104011e-07
-4.603782253522872666e-07
-1.705649278000399144e-02
-1.625885101623299173e-07
-7.488281209641568504e-08
-2.131091630054661303e-07
-4.735658975705680939e-08
-4.638638116792307901e-08
2.639327820509519785e-05
2.167367368696035818e-07
-2.095716433975667930e-06
-1.704576875422163154e-06
6.932890827012991863e-01
3.918577418393277276e-07
3.945129956929344819e-07
-1.281196845391553348e-05
-3.771725303268469442e-06
-3.892694605038706686e-06
4.077848005910953884e-07
-2.285073353687368597e-09
1.320942449162220956e-07
1.101950963636968810e-02
-1.933211608999773484e-02
-8.047300109211041952e-07
-1.188899147231146677e-07
6.389739083069899379e-08
-4.374860534275992893e-08
-4.533929551456155890e-07
-5.385292879996998626e-08
-6.990615804449111511e-08
-1.181059257082787115e-07
-5.170152842682483135e-06
-6.173919349955029726e-06
4.582401199859815355e-05
1.933357665832364028e-02
-1.652035267150303825e-06
-1.280114236831867676e-06
