5.715493305402346070e-06
-1.672537316478973565e-02
-1.861966395385579842e-08
1.230801632779093626e-08
-3.061912293796885294e-08
1.080913993645765681e-02
5.364617606644651129e-08
4.400048281936470707e-08
1.053062680127032140e-07
-1.437657381692260334e-07
-1.698740286825895646e-02
-3.982841709727744881e-07
2.604972622519315841e-07
-2.009123380652462808e-08
-4.344927645637264619e-08
-2.978103028542715071e-08
-2.298333113989067147e-05
1.388497838122457583e-05
4.576876475737960161e-06
5.868820466859590160e-06
-4.250729214508447984e-01
3.229597952903244856e-07
-1.088091186891389878e-07
1.711901735821134455e-07
7.020579096945440964e-06
3.528730415747207669e-06
1.107879349226509529e-05
-1.006906806967937625e-08
-2.340069719623787834e-08
6.102161803879673808e-03
5.106747869934006777e-06
1.262939984396083363e-05
5.142889376851653435e-06
-8.461941259400395375e-08
-3.043400994650678859e-08
2.853258499263933536e-06
-2.233966451629673999e-07
1.140304998643887464e-05
-6.829307031684081730e-08
3.269179647489693827e-06
-3.165889459283496876e-07
9.945872825547918911e-08
-3.115939330939533861e-06
-1.974086016273452693e-06
3.009352645890216802e-06
