1.119789704613395408e-06
2.238999311835585258e-07
-1.543175748820295630e-02
-4.804731489283059021e-09
2.272133728575093524e-07
5.399149321607150445e-07
3.832923498284061475e-07
-2.707190566318525865e-09
-1.450012602615039067e-04
-1.613511535619832973e-02
-6.812132142688600187e-09
2.876599442186461141e-03
6.976414752666417325e-07
1.084529742374160130e-06
2.121688114116081448e-07
3.687877207522064408e-08
-2.898854161592847625e-07
-2.003020142578455884e-06
-2.763487886982937680e-01
4.542002644944903524e-07
-1.894914872350424528e-06
-1.566841686779402126e-08
-1.597775839750456975e-08
-3.601243850663477694e-07
1.647281529565351193e-06
8.717484958491728709e-07
3.426348603542075186e-07
1.419417043292515001e-07
2.850769670121445053e-08
1.398533660383028711e-02
-2.953412313868135132e-06
1.795071357367194863e-06
4.440724248531791081e-07
-3.458918938269080998e-07
-1.533634827242904316e-07
8.458001922778629893e-07
-1.280678103464555807e-06
1.938793890619032855e-08
9.719494060398925591e-08
-5.828452970639082331e-08
-3.059409277423332213e-06
-1.011345520793593336e-06
-1.642621632221375149e-07
4.834604576024892872e-08
9.225154003995374151e-07
