-5.535255010947350692e-06
-8.856130831575750882e-07
-1.555104986245601714e-02
-4.197303688953074976e-06
3.728780689438289284e-07
3.746508031300274298e-07
-1.507567022191686987e-07
-2.543311451557785169e-07
-1.591775075424124871e-04
-1.846350811579365245e-02
-1.487477537303859188e-06
3.561373018765875195e-03
-4.570294363494215014e-07
-4.522304730097004220e-07
-6.879517573719294510e-08
-1.228150205077637980e-07
-1.668415051406464166e-07
-4.407992333598087436e-06
-3.756079586859251696e-01
-5.312551109459508347e-07
-6.068256445880959441e-07
6.429465098221133031e-07
1.981976132045266779e-06
-1.426951255425647293e-07
-2.071995739504811017e-06
2.650941920183389326e-06
-1.991051866359482024e-06
4.889521746015233119e-08
5.043016525286757661e-08
2.122851622548805467e-02
-2.129448261270786207e-06
-1.992190563142293413e-06
-8.367321982268184006e-06
-1.439634259762611824e-05
-7.179627043761143590e-07
-5.699390993358442961e-08
-1.141810112908876531e-07
3.275236964210873130e-07
5.563614134888566575e-06
4.724730933297387477e-07
1.066911880077158805e-07
4.612602359228929585e-06
5.041114881384275011e-08
3.486348870418508826e-06
3.495405404614301474e-06
