9.550998951130932044e-07
-9.700868961224252087e-07
1.554190350957780978e-02
4.933246699973371872e-06
-5.931567608729693593e-07
9.354687817821538467e-07
6.182997515899503954e-08
6.832322207972634787e-08
1.487528876799315829e-04
-1.859464774636882325e-02
-8.326134995456197234e-10
-3.331778447755364119e-03
-7.045673720519705648e-07
4.109762696055524930e-07
-3.119704273914352008e-08
-7.384466228849190635e-08
-2.683483227856974836e-08
2.207715607778757881e-06
3.900131206015701180e-01
1.600983619635338270e-07
1.693878663833146999e-07
7.859809226060831067e-08
7.668343452341029696e-08
2.503713442405009660e-07
-4.021512786968786903e-07
6.321873474409371981e-07
5.830222561509986775e-07
-5.459943682065144909e-08
-4.939764519886583223e-08
2.473963440419090637e-02
-1.349779459000470636e-06
-1.222667861661022340e-06
-2.844499656285749592e-08
-5.800660371493576400e-08
-9.689951644867351896e-07
6.610478326057664389e-02
2.259770544350467856e-07
-7.056942903553781911e-08
-7.050518577132612622e-08
6.814363024626871401e-08
1.015657293096752396e-06
-9.623263813934792722e-08
-6.610518669958592719e-02
-1.367026557974313925e-06
-1.156119783289711009e-06
