2.337592736635664910e-07
-1.056136567860170052e-02
-5.488096381352942876e-06
-8.851778839048063509e-07
-1.053392615996730927e-06
1.274740330812879595e-02
-3.297259903085713903e-07
-3.786883931948005367e-07
1.082059163745950124e-06
-2.306330591208985216e-07
-7.805424530167809002e-03
-7.251809146142211435e-07
-1.175418717820824931e-06
1.056426214377247929e-07
-1.272813225726726131e-07
-1.482154545257392286e-07
-2.007821939380881804e-05
-3.733835049494263969e-07
-1.249585939585143483e-07
5.586544813861033380e-07
-6.797240861412602309e-01
4.384669505460227250e-05
4.306724957503275209e-05
-5.447122099428882813e-05
-4.445683901845824018e-07
-4.831941945039055064e-07
-6.475551192641268814e-07
-2.457902610477411050e-05
-2.530043207144284156e-05
1.433548249221465280e-03
-8.912928825043188189e-07
4.359698038318891420e-07
-7.721093215796779247e-07
-3.125816331055006054e-07
-3.908835700621950319e-07
1.613924406440986512e-07
6.974378890912215267e-07
-1.461488792134571411e-06
-1.543338078382544819e-06
9.086783236770310630e-05
8.939695229489827476e-05
-1.365748763847846590e-04
-2.073974578408949537e-07
1.024211180816142606e-05
1.070023083064553131e-05
