-2.785982747861283723e-07
1.051961233675727075e-08
-7.245296105868145008e-03
2.634448043558818536e-09
-6.852323273528405469e-08
-4.243721962908238849e-08
4.252645993909117845e-08
4.464426839048190281e-08
-1.476018296510990676e-04
-1.225729851502802524e-02
1.808699965637139158e-06
2.256655772211658972e-03
-3.880232994959740864e-08
-3.094872298269265100e-08
-4.519866279471275250e-08
-4.702550445950102833e-08
-2.015998492722523374e-08
-1.219867532557740356e-07
-3.852114124172651977e-01
-5.910227080155385123e-08
-7.348426203268251042e-08
-3.547004330583489149e-06
-3.669190885309267217e-06
-2.064070736091615086e-06
-8.761502110636379740e-08
-6.170314321030987263e-08
-1.983158098969133171e-08
9.122932406227217818e-06
9.162745650662282949e-06
8.666186270573401559e-03
-1.741447513771873700e-07
-1.615138582512819727e-07
-1.691268130475313662e-05
-1.748652430414885869e-05
-9.972063489571812253e-06
3.699792622150718343e-08
-1.289187597103971002e-07
-7.888370730113367534e-08
-3.663758512595149338e-08
-7.397709596050356053e-08
-1.281190501603257147e-07
-7.911964625195684163e-08
-1.221476162547525966e-07
-9.459458689132351001e-07
-8.949823359030662786e-07
