2.789547706659431857e-06
-1.882574477860091827e-02
-3.353452090790432948e-07
1.812806277617600772e-06
3.137900937187310713e-06
1.517268771149931500e-02
6.011086965486190000e-08
4.089446768648306210e-08
-2.200197277497920579e-06
1.342957102975181752e-06
-1.706155236071458386e-02
1.558056634451519577e-06
2.539784237171012683e-06
-3.820619344639019415e-07
3.679225818005605580e-08
2.137274408102927608e-08
2.644276771445783390e-05
-3.964178295188649300e-05
-6.888404584663921033e-08
-1.193326639859457375e-07
-6.933223438959328355e-01
2.305615183641612970e-07
2.633203094478147393e-07
1.213313395478379743e-04
-1.000874924567190741e-06
-1.322051645627663532e-06
-8.683305810264291272e-06
4.839480864043581710e-08
7.258055906193315149e-08
1.101582372020837829e-02
-6.174680079770110062e-07
7.782100335096628930e-07
2.693420918927551934e-08
2.007308989330681747e-07
-9.966471294151344429e-09
3.423657909362877099e-07
-5.482165786868970235e-07
2.246433771076352424e-08
-5.569329607823815978e-09
-5.510657200367798846e-06
-5.384370673567492896e-06
3.210023650063742744e-04
5.938282795557552788e-07
2.989964242333988853e-07
5.515852405284247559e-07
