-5.364419026143707470e-02 1.808103575664276805e-02 -2.337824491983276839e-02 -3.885811361678637166e-02 -4.453640575642202337e-02 -1.274313055857948240e-01 2.526112944919406189e+00 7.853981633974482790e-01
8.037948906446533426e-02 -1.423378254648239305e-01 6.177231412186739296e-02 -3.567947591549083287e-03 1.035577630856588799e-01 -1.777792033087713941e-01 2.526112944919406189e+00 7.853981633974482790e-01
-1.462736271755383545e-02 6.590477577951137089e-02 1.955256201636646277e-02 -6.799525007652028330e-02 2.815691611960866730e-02 9.633448107362117818e-02 2.526112944919406189e+00 7.853981633974482790e-01
-2.244032643314589071e-01 -9.607055451660084788e-02 -1.877003233130474305e-02 6.112685241634085304e-02 -2.448958246183818160e-02 1.089535386354948260e-01 2.526112944919406189e+00 7.853981633974482790e-01
-8.083328984889026625e-02 4.923007612905628411e-02 1.845081852494706021e-01 5.721478130593458250e-02 6.523141590588361904e-02 -4.264105421778642546e-02 2.526112944919406189e+00 7.853981633974482790e-01
3.683049107127746996e-02 1.085616239797319860e-02 -2.450636727729100378e-02 -2.851542158385885969e-02 5.348664726553556403e-03 -9.730295807488329590e-04 2.526112944919406189e+00 7.853981633974482790e-01
-1.035450523515144550e-01 -5.767441955445165580e-02 7.578711943567993832e-03 8.391077726226506273e-02 7.076567871855568570e-02 6.494791244520581319e-02 2.526112944919406189e+00 7.853981633974482790e-01
-2.472947033707306452e-01 -8.020304705843137039e-02 6.088749328646490128e-02 -1.240565210860167245e-01 -8.120666604684467771e-02 -9.620334046109163539e-02 2.526112944919406189e+00 7.853981633974482790e-01
-5.503528905471069543e-02 1.102461050496440775e-02 -1.168067828729382578e-02 1.310191288554232725e-01 -8.305446614601082189e-02 -1.676948627734481390e-01 2.526112944919406189e+00 7.853981633974482790e-01
7.163353201632068068e-02 -6.008441224974502698e-02 -2.165664427323656799e-03 -1.741441083610771878e-01 1.586820703518547135e-02 2.808505163400842886e-02 2.526112944919406189e+00 7.853981633974482790e-01
