1.584647870495220490e+00 -1.442358472785933765e+00 1.023939410156132546e+00 -4.110492521290520229e-01 -3.684464958140901136e-01 -2.409451958030194074e+00 3.961118515775522209e+00 -1.738554230017047342e+00
-5.130684810042100974e-01 3.916989183113790962e-01 -5.647511200687081734e-02 -8.027536520862829650e-02 2.019983737427796799e-01 2.474920953259508727e-01 3.186108868345319145e+00 1.205036092228990441e-01
-5.929270327003954844e-01 -4.485057673356607766e-01 7.730052100358257849e-01 7.854327254109060019e-02 1.670690984565804227e+00 8.433464873332906508e-01 1.122626191161756548e+00 1.700167470186545238e+00
-3.528779914099679504e-01 4.944405226766815931e-01 8.248953171824873198e-01 7.908639500792542798e-02 8.935864844983050226e-01 1.998206551421672250e+00 2.666826124284077171e+00 1.885033360938327851e+00
1.597211576782148201e+00 1.852788976214645444e-01 -6.814704342849980945e-01 -9.111379430265900137e-01 3.524113923174475999e-02 8.808927785684572687e-01 2.842526697882011177e+00 4.068200120970331679e-01
-1.498606892836982452e+00 -2.966433199329290282e-01 2.215497106497999802e+00 -3.760800046147341757e-01 1.782996320495767728e+00 2.562700002875262784e-01 3.175485274295749338e+00 4.375860082301152310e-01
-1.302244178312450540e+00 1.360882654638165823e+00 7.571509467072158328e-01 -3.877379123926395776e-02 6.281171022233417167e-01 9.692531153920170839e-01 3.461543826428203907e+00 2.996653440021798787e+00
7.091790593879607751e-01 -2.560034866095141637e-01 5.730686622288557741e-01 -1.087407412676247853e+00 4.298501298417991556e-01 -6.584776875617098790e-01 1.669611713462231251e+00 1.044888851911000671e+00
1.145901502255407545e+00 1.096267680062916305e+00 -4.374666652667165145e-01 -1.223966298633313965e+00 -1.095271764741803988e+00 7.658972208260547143e-01 1.817548343967630320e+00 1.291082982272869772e+00
5.124916701443082978e-01 1.654826120286710112e-01 -2.418144425590512125e-01 2.433292181881407057e+00 3.706162401651625915e-01 -4.137160384938953772e-01 9.100449976756381787e-01 9.000068917391684797e-01
-6.465907363986961309e-01 7.656343942937742231e-01 -2.250456333017194055e+00 -3.484315898138841128e-01 3.252130287879820281e-01 1.013193866989118508e+00 3.706271636383037027e+00 1.943867423916462167e+00
1.108986992517211820e-02 -1.261178645160674627e-01 -1.473026133016640538e-01 1.546899040139948778e-01 -2.109800167431418405e+00 -1.051665743332318881e+00 2.233239648734463234e+00 6.664569474245910508e-01
1.396237930832638696e+00 8.316448594723770960e-01 -1.529821442956440514e+00 5.616792413349549484e-01 7.306221046613948777e-01 -1.023012715153423846e+00 2.073451528717150438e+00 5.919936220065540322e-01
8.826881297033185858e-02 1.046218155974662833e+00 8.102159970432590841e-01 5.952056792377737882e-01 -5.597943531041152387e-02 -8.452934282046790093e-01 2.310082827318324039e+00 7.379215325391585978e-01
-2.597959555995466907e+00 1.417743248732295180e+00 -1.719085251185370700e+00 9.294254159917727520e-01 1.004900821094269370e+00 2.919633682237715577e-01 2.446814300158537847e+00 -6.596238534480403093e-02
4.121756463038458301e-02 -7.764590185763787789e-01 -2.833964306724476856e-01 1.716427898929723528e-01 1.283677912344057592e+00 -1.802443325124625587e-02 3.067588970592062925e+00 4.888038850980962469e-01
-1.279025060719657825e+00 4.420605954874374799e-01 1.742629066388228898e+00 4.194056202872089023e-01 9.674187290862499289e-01 1.025394977877794433e+00 1.793527954184583662e+00 1.671168851589161175e+00
1.508179047082479185e+00 -2.339482716558902442e-01 5.765604508665074235e-01 -4.007368933931389487e-01 3.693260657358905519e-01 -1.212087074882326920e+00 4.389858101691505254e+00 9.019772182418356321e-01
-4.404798464554093296e-01 -2.405957746888091886e-01 -2.057741723837895442e+00 -2.087868159689462821e+00 -5.448331558363291860e-01 1.496870812665573647e+00 3.299581473270253973e+00 -8.918889780961569702e-01
-8.053941395143163762e-01 -3.470433399574858746e-01 9.072547083602945373e-01 1.739483178441991296e+00 3.034590448799255880e-01 -1.127714495883008983e+00 2.720912307689971943e+00 2.615537976884267923e+00
