4.363855227212119492e-01 1.217943824045273793e+00 6.108904948675475399e-01 1.034386550745363564e+00 4.909068914818303653e-01 -5.404497101390038916e-01 2.390724524266816697e+00 4.245668851410535627e-01
-1.666225466658055321e-01 1.305557922641531476e+00 1.223260284240162754e+00 -2.974403946931213905e-01 1.162476188430624946e+00 2.899782876490935579e-01 2.999557775509378299e+00 6.821887666975691156e-01
-2.759393036642426300e-01 6.663798965500915550e-01 -1.133058011720508157e-01 -3.794616916092980463e-01 6.198763908067564388e-02 -3.517092770365818910e-01 1.831347418592007781e+00 -7.210733212687114868e-01
1.029089226988326861e-01 -4.880373906150077545e-02 -4.878508169003711870e-01 1.318806720849667657e+00 1.211194379096187435e+00 1.883174162763530113e+00 3.084515372724220938e+00 9.043957119175626280e-01
1.290484344023814511e+00 -8.099316475675200078e-01 9.570926724366447536e-01 -3.806788035250729951e-01 3.139843288892591455e-01 -2.314327866183644167e-01 1.727823524283234491e+00 1.142962922983094209e+00
3.174015334936332033e-01 3.564703009867047911e-01 -8.509935064034955809e-01 2.252851277034728650e+00 -1.137314700404276069e+00 -1.706768866553003416e+00 3.106002737876045749e+00 4.589093445194480370e-01
1.448586866167081988e+00 2.502208934184714795e-01 -4.894552024647148558e-01 -6.336325665310081900e-01 5.252694457485574953e-01 4.188668042215827336e-01 3.138120500876621755e+00 8.331567980914380556e-01
9.780590716356116765e-01 3.743460712035740490e-01 1.244111710017039796e+00 2.873615552833979070e-01 1.151649328722821553e+00 4.103741912875738529e-01 2.601760842938494633e+00 1.264948097011469041e+00
-2.299689598675932478e-01 -1.204888700625213804e+00 6.282383135894847870e-02 -3.449194647626105392e-01 8.293187985294553366e-01 8.429124786710207040e-01 2.057063809854227543e+00 5.216050648719476879e-01
5.496971553674091515e-01 -6.886083877287326738e-01 -1.160626924135746085e+00 -8.327251449506472003e-01 2.818867020019473757e-01 6.425396136834774508e-01 1.609372800988168262e+00 2.268186189075275250e-01
3.676677604713177727e-01 3.651984231229996603e-01 2.102701537707783175e-01 1.047601861585068406e+00 -9.055286450023072864e-02 8.525457661193871495e-01 2.254694625111682171e+00 -7.104427162372930482e-01
-1.211711786452549511e-01 -5.399948658225558473e-01 -8.186659522816498724e-02 3.745235006214491791e-01 -1.378714146789189021e+00 -1.323851684556771602e+00 3.734289661753840583e+00 8.990642852545371877e-01
1.138553372671746944e+00 1.042242677953540558e-01 3.499526603696058724e-01 7.992071626596382039e-01 -7.427469390634767743e-01 1.399036736676958270e+00 3.749277700278934589e+00 1.008181603504661794e+00
4.869440308666896922e-01 7.914396895842270574e-01 5.680287908251249046e-02 -1.048084089495399329e+00 7.593503155216885236e-01 -2.471886831829401387e+00 5.356537993075216608e-01 2.124982334005514062e-01
-8.031454998145464153e-01 1.120325998920272959e-01 -6.739895874178931656e-01 -1.002834650736799393e-01 6.392596609904360738e-01 1.340026839299363726e+00 1.690898042165666748e+00 -8.851408392992454743e-02
8.269605920674872879e-01 1.932731128340160254e+00 -1.610629221608976813e+00 9.577743603626721614e-01 -7.729347244763901115e-01 -2.194350685769470122e+00 2.125151160938210104e+00 -4.529162725986202176e-01
-7.016137057300660951e-01 -1.491184878355955590e+00 -7.033764301822895693e-01 -1.438237480124010537e+00 -1.572610730051363204e+00 -8.679247455162128477e-02 3.792415594694497294e+00 9.101093440958597514e-01
-7.879682444489549686e-01 1.312455761532435483e+00 1.726652449501852926e+00 -1.394319707680665932e+00 -1.808179853757128530e+00 7.436592034332148993e-01 2.710121084478315012e+00 2.105856663660744310e+00
2.908164165409233171e+00 -1.057581063966646362e-01 -2.489936522562175014e-01 5.504857008033270382e-01 3.824137191574780159e-01 8.867123065933175674e-01 2.944356256838606800e+00 5.843142549405112574e-01
2.419831701028843096e-01 3.289384507713953854e-01 4.731420047282806074e-01 6.088684460218902750e-01 -5.170558898690365002e-01 -2.022657389283463836e+00 2.024055710646435191e+00 -2.500657173389437826e-01
