1.837391612199634483e-01 -3.520407968282903560e-02 -8.513370254728719333e-02 6.196029703111913256e-02 -9.905003970199077745e-02 -7.728716760554948939e-02 2.413120781420233119e+00 7.689398111811162062e-01
-1.125144946327017864e-01 2.924763707155207670e-02 -3.921547253170559744e-02 -5.218200889654006636e-02 8.734816475703860439e-02 -5.959181655834114993e-02 2.364903589820037233e+00 7.220414609852954246e-01
-2.794866949468089237e-03 1.166612283657807031e-01 -2.939038846222791906e-02 -5.858300016473405591e-02 9.009975836583504483e-02 -1.523523544707248711e-01 2.641293712782173397e+00 7.287084923691315996e-01
1.209609029199216201e-01 4.009966700684816643e-02 -6.009637870524958680e-02 -1.777037609497832127e-02 3.492735519575367042e-02 1.143538108724652669e-01 2.571644305717014412e+00 8.647286703978147582e-01
1.094946594315511917e-01 -1.016284313179789262e-01 1.048674455662599869e-01 7.144734651423671756e-02 -5.901845679752229512e-02 -1.993440490565001610e-01 2.345985556225242963e+00 6.178433996376183623e-01
-1.585995227162950716e-01 8.020712328160270813e-03 -3.036404205206412812e-02 4.935357227936058855e-02 8.818834767624897375e-02 7.298118570469912247e-02 2.481934010589821327e+00 7.229829570546713047e-01
1.460806605754438048e-01 1.158973267700668802e-01 1.519872693303641886e-01 1.615291392046462604e-02 1.428311413555128084e-01 -2.373144299114821054e-02 2.477745190600204594e+00 6.531824327373649819e-01
-7.640825616264755593e-02 1.064474057389283301e-01 4.626045739727586981e-03 -6.166496304224261538e-02 -8.798141674496820150e-03 -3.901026445399150000e-02 2.695841648740592955e+00 7.095039990017667497e-01
-4.270854200068041617e-02 9.793264915394572084e-03 -3.973426294040315748e-02 -4.487015709140657234e-03 -1.200726721295476973e-01 -8.607649913372922290e-02 2.665668670763446713e+00 4.798686339640449994e-01
-9.227844812539898189e-02 3.982759923470891028e-02 4.931536431315839547e-02 -2.055460505310735264e-01 -1.013760440210088876e-02 -8.167175493687030968e-03 2.548141784369639673e+00 7.937585592743781060e-01
