6.251281945975227516e-02 -3.565043058087030356e-03 1.281551322476894295e-01 2.872105969913783113e-02 6.409646984844223627e-02 -7.431835255446592181e-02 2.523609004455171778e+00 7.841713620574682908e-01
-1.759744421271208781e-01 2.175985038247596568e-03 1.297100358523406716e-01 -1.340234822075096477e-01 5.170246524527027238e-02 -4.331446921644797193e-02 2.541795047216547143e+00 7.308182468579600410e-01
-2.128645003449144424e-01 -1.555158699694954849e-01 -1.120644742540463298e-02 2.206137722364937014e-04 1.573354769694861391e-02 1.613734712159167195e-01 2.469034172704406060e+00 7.255322983976240092e-01
-1.522589232533707593e-01 8.612479242384314670e-02 1.591255997560060420e-01 -8.661261809878963158e-02 2.807690873023440878e-02 -1.109146496576346452e-02 2.547172458199011835e+00 6.323924044267120737e-01
8.796268460471598494e-02 -1.917976727469075660e-01 -5.111229485643517534e-02 -3.076520802961551712e-02 1.718411946629994358e-01 1.095331816299861399e-01 2.420781837370688638e+00 7.435303619836863831e-01
-1.604015454144473163e-01 1.012681614303101441e-01 -1.113063377387085891e-02 2.653484935773000805e-02 -3.468573252531273465e-02 -5.292512700252275520e-03 2.619441686991044183e+00 7.509337339268759015e-01
1.133114240617155571e-01 1.832210297999343693e-02 -1.414766070734830572e-01 1.297889197742800316e-01 9.463225251409834726e-02 1.169960762387354941e-01 2.581936073297889767e+00 7.629464636200665728e-01
-7.432402488427827802e-02 -5.167175797148920030e-02 -5.477604511614374977e-02 5.835678924503544945e-02 9.576641015621155384e-02 -4.939692446071541898e-02 2.405950387227878018e+00 8.784928310513062666e-01
3.893234413391273574e-02 -8.021763985086374782e-03 -1.463214925290895994e-03 1.638936395454471118e-01 7.622639205216889119e-03 5.818494875715551212e-02 2.617218821955968444e+00 9.407558223088544613e-01
-3.514275164049111833e-02 1.523616230204814792e-01 -7.651880017942081641e-03 1.455920058022981967e-01 1.175056553561016487e-02 7.343411449034736860e-02 2.726110188625433306e+00 7.335408127073498319e-01
