7.494340589436674326e-04 5.459591183002207972e-04 -6.236079486580257047e-04 -3.770551940331941351e-04 4.044449278249948997e-04 6.656682375337703329e-04 2.526694654903226311e+00 7.858384674429138572e-01
1.896604163313406828e-04 6.265525121913014710e-04 1.520268735276598037e-03 -3.755821662462077823e-04 1.903887307613106965e-04 1.855846473713977955e-03 2.524825094751671717e+00 7.853804926643772610e-01
4.528411126496822764e-04 -1.542963807156678144e-03 1.640160722198653247e-04 1.537652995756676362e-03 -4.792287094340081212e-04 -3.100133070101886894e-04 2.527449628605467957e+00 7.855756703450833545e-01
4.080289682960724505e-04 3.806510217286149586e-05 -3.171767357250553825e-04 -3.732788603829643634e-04 -1.701099052416796243e-04 -1.707051548018405840e-03 2.526847729400664821e+00 7.857950002852412963e-01
1.152587983101992231e-03 1.114101479813764612e-03 -1.871949656690279334e-03 2.406693251429050003e-04 -7.484692301119645098e-04 -8.008457611423047901e-04 2.526613900738985397e+00 7.846138448727459913e-01
-2.015545278406213111e-03 6.700040643740808044e-04 1.598549867518498171e-04 2.177395566798333710e-05 1.089642148963775167e-03 3.746730176419635285e-04 2.525165712702275744e+00 7.848785037549174115e-01
9.030390637578842921e-04 8.580891200334972782e-04 6.584320536257381009e-04 2.309877482286809341e-04 1.491858916040179949e-04 9.276437835065531705e-04 2.525405363191822516e+00 7.846162451099701896e-01
1.438588803302787980e-03 1.028634238116587054e-03 5.051537638224282058e-04 -2.603240046606883221e-04 -1.892530804452767544e-03 -5.216786037794038898e-04 2.525835963961719166e+00 7.843245788009955977e-01
-2.183630934983930329e-03 8.642400526395906633e-05 -2.117626377513907778e-03 -9.855873003370848543e-04 -1.347243959192268503e-03 5.099257752422462061e-04 2.525386684257668435e+00 7.864225666676074589e-01
-9.621097231971192151e-04 -2.748390982271837514e-03 -2.073023402125864030e-04 -5.919214246200972350e-05 1.156745061140547633e-04 -9.564229424956446381e-04 2.525679018148065502e+00 7.835645420130292749e-01
