-1.048156345167048809e+00 -4.035974407543770903e-01 -1.106407667896408542e+00 4.818602854154079851e-01 -7.429536415522255965e-03 2.160887208675579263e+00 1.821272843737166136e+00 -5.528634579862712339e-01
-2.626509717163086899e-01 -2.517936023618590813e+00 2.240706112135592232e+00 2.024345058962439214e+00 2.381851108462822719e-01 3.021094095239503230e-01 3.026738023024908131e+00 4.808797391351079531e-01
-4.760486412382952670e-02 -1.194536795302872045e+00 -4.013807183258045752e-01 3.681459928193327458e-01 1.555348852900628187e-01 -7.989052266198800600e-01 2.676394036073308058e+00 -1.041201382478991189e+00
-4.651467114823996246e-02 1.266125975102865286e+00 1.328718005808069043e-02 -5.816643661015911126e-01 5.360880225956401457e-01 7.603868642996586269e-01 2.135143400584472051e+00 -6.423109925161787359e-01
-1.615201559982109569e-01 1.497330794945486820e+00 4.544805365778088746e-02 2.178174692705313831e+00 -1.323438388390208720e-01 -8.594474794070283696e-01 2.851759243430514790e+00 1.896576703656344343e+00
4.076918040865520343e-01 8.094111479685681676e-01 -5.831204179670154142e-01 7.027751950511583745e-01 -3.472111215270415885e-01 2.155009292364184481e-01 3.626195573422630325e+00 -4.632777857542782485e-01
-1.070160768575884935e+00 2.609149140106639328e-02 4.941099712062474447e-01 -1.171013618833655512e+00 -6.301947087770039951e-03 -4.536351987821704568e-01 3.804412985288570859e+00 1.830596473432488436e+00
-1.477108154752129199e-01 -2.208836017392428255e-03 1.041282816126846367e+00 -8.187380784561782976e-01 2.665887160925206611e-01 3.131627376091324355e-01 2.732660698650015707e+00 9.096073999043102765e-01
-1.666115347916729439e+00 5.583128631876031062e-02 8.493517902391907182e-01 1.702998285680460855e+00 -2.140033965171035835e+00 -5.892000073232939172e-01 2.673655500923142636e+00 7.903689052653782854e-01
5.327847404529465480e-01 -2.529141606185552948e+00 -2.695547650001030582e-01 -1.195548683764322107e+00 1.983678607745094080e+00 -5.146541288612983545e-01 3.583411793727092842e+00 1.989220785581244266e+00
3.777844236002261269e-01 3.158637976198075403e-01 3.406988979892691671e-01 -1.036764512020889706e+00 -2.171896889098710037e-01 3.011700701553596260e-01 2.200490175917264146e+00 -5.684732167108106360e-01
-1.012021661641627324e+00 -7.584137976762497235e-01 -6.759333916643646134e-01 -2.117378828478709910e-02 1.563068291680612454e+00 4.868481297230233817e-01 2.680164412425725118e+00 1.418511997617436737e+00
1.193649115865886776e-02 5.687832702977291266e-01 -2.039367124430822020e-01 -4.224144116489204626e-01 -1.116524724633372878e-01 -5.806980044269945962e-01 2.975362197260562169e+00 1.586690654610260598e+00
-1.221989500087741209e+00 -3.224647496790254420e-01 -7.027792735382019096e-01 4.392309360748962166e-01 2.612528539571528641e-01 -1.173178413029833722e+00 1.831211187457082445e+00 -2.399330777718278185e-01
-6.835084468670273028e-02 8.066949898743467351e-01 -2.266755796187475358e+00 2.018777314575619097e-01 6.374807012602281111e-04 -2.731416542696734062e-01 3.406151980419886094e+00 -3.921425357914734011e-01
5.782672815716546344e-01 1.092477776752253771e+00 5.281032395015434755e-01 -2.224902473899673105e-01 1.017706396495913435e+00 -2.563612317634755833e-01 2.373494179255535741e+00 9.296900871670630284e-01
-4.461271566899202012e-01 -1.579096004635693051e-01 5.381960419866450573e-01 -4.549452243586990519e-01 1.010176153601115789e+00 1.182824446109311811e+00 2.679069495492388153e+00 1.408442326805154021e+00
1.114792379983430726e+00 -3.105995160478741135e-01 -3.595462824788966949e-01 1.243926484566876045e+00 1.792115371991263584e-01 1.015689634832495636e-01 3.379933325260988664e+00 -5.788193787991564587e-01
7.707381089429921062e-01 -1.580868015036332799e-02 -3.734605768216689992e-01 1.522996411883773771e+00 -1.924960317203813442e+00 -2.439821037782292368e-01 2.865491254911713526e+00 7.744108727850730345e-01
-1.354569780431576220e-01 1.088243869307581768e+00 -7.368471205385150880e-01 1.414093598756603676e+00 1.591852528881590567e+00 -3.788179893359398531e-01 1.325853482225787472e+00 1.730743334067998518e+00
9.455215872477037431e-01 1.289138173626417805e+00 -2.932332191408433819e-01 1.271769677636251927e+00 -9.847935636443613250e-01 7.099983933484048659e-01 2.971019824030678436e+00 8.529265581944081021e-01
-1.097876478756004831e-01 2.920111048187845060e-01 -2.022032591575274818e+00 -1.116106073707413993e+00 2.732889120542338901e+00 -1.341909263459296342e-01 4.016040139096145545e+00 2.249950273008392898e+00
8.090436345587082023e-01 -1.657778396757178641e+00 -1.217593958560342915e-01 -1.134834828461094514e+00 1.744738301288900173e+00 2.093856940950494794e-01 3.686734715533943607e+00 -2.367635748204668378e-01
5.080603016523266291e-01 5.929376044830210191e-01 5.155883152071485398e-01 1.061581544832983726e+00 2.419005466780212166e-01 -2.059522337028192318e-01 2.560288925088866741e+00 -2.830155464273762522e-01
-6.124023892698008398e-01 7.738656224481768042e-01 5.852805805596119626e-01 1.119294879457023856e-01 2.016703645634141118e-01 -1.595134367608070924e-01 7.770199998173705769e-01 1.088733171082198581e+00
-5.351173092771360773e-01 -3.993379037628756456e-01 -6.851720753181776702e-02 1.507683959913569405e+00 -1.051683227121181785e+00 7.324949083487615198e-01 7.371626841708376343e-01 5.045860382231759367e-01
-1.409871959452753343e+00 -1.349563039766771722e+00 -8.633476438368348216e-01 2.783143126015736879e-01 -4.673195521928664165e-01 -2.205443212157320421e+00 1.053341600259144029e+00 4.462977437978798423e-01
-1.017485542725060421e+00 1.062335581593367051e+00 5.940388730835888254e-02 -3.724022016063011642e-01 -5.249125225070960798e-01 -1.776645309425910257e+00 1.392847881610004723e+00 2.033564383206630799e-01
2.052604783784493403e+00 2.041303321173652818e-01 1.886380019466212810e-01 2.351570664135216759e+00 -4.662642574778716464e-01 8.726872615316100257e-01 3.769265178157606755e+00 1.639593608092657639e+00
8.172051466328353886e-01 -9.076784917387633600e-01 -4.055236281547096033e-01 -2.979938543848594801e-01 -4.901040138378297273e-02 -6.677378030902748618e-01 3.110455855095230593e+00 1.883204215704861406e+00
