1.255391623733643769e+00 -1.032385258437233666e-01 9.604818784634810980e-01 4.661569601585001665e-01 4.646763638363170523e-01 -8.565926269620409705e-01 -1.019106346909621985e+00 3.447335816336665193e-01 -6.819647368876650129e-01 3.818007476417166202e-01 4.786277817084312325e-01 -1.931124260494199163e-01 1.300518558069065245e+00 4.994932895017454300e-01 -1.420313101785243726e+00 -3.631103894155200407e-01 7.620249108040958452e-01 1.286234329897759654e-01 -2.410083104701503220e+00 3.705033537304612823e-01 -4.988754178283995033e-01 4.034705515169294543e+00 -3.251954802852294879e-01
-4.304726187900149159e-01 -3.030005264589136771e-01 -1.469505878906218532e+00 1.344696636802675593e+00 3.929792537736815361e-01 1.278433393584638589e+00 -1.080336560918099931e+00 1.153212314315831821e-01 -7.706321512567777532e-01 7.466167800092660123e-01 -2.174872990611602219e+00 1.677735134817841089e+00 3.286730220175830275e-01 -1.459160282169518208e+00 1.917981697119749196e+00 -2.216324214567590156e-01 -4.239109043589653902e-01 3.824821341880781378e-01 -7.503839469688720065e-01 1.913124748769846895e-02 -4.555590939260151240e-01 2.765041486037234986e+00 1.220040342759860952e+00
4.073162699989100743e-01 -2.596059399871708528e-01 -1.569407749588737300e+00 -5.095627062787978501e-01 3.099051313198887825e-01 -1.543370051235016804e+00 -2.040011688721994343e-01 8.207891826178147499e-01 1.710367671019341396e+00 -1.843429849010341792e-01 -7.408197313525840544e-01 1.813551635038286536e+00 6.754163388288302317e-01 5.624168261485618450e-03 8.282990405617383090e-01 1.965983650238958547e-01 -4.188611858533551890e-01 1.501567317186284500e-01 9.189690768890640404e-01 7.113196812138699032e-01 -1.429190955685264997e-01 4.219959059500236975e+00 9.458657073038995167e-01
1.394917764806143490e+00 -1.744656670733602810e-01 -2.821461607889791390e-01 2.642368613277326084e-01 -1.594566386379543399e-01 1.081517494161557291e+00 -7.711718270724126079e-01 5.234201432832441547e-01 -1.246801732053008260e+00 5.624538887677182908e-01 -3.856653587190320143e-01 -5.872979354570946331e-01 4.985222687168107125e-01 3.424521841392617616e-01 1.665222297239517202e+00 6.524390906661468037e-01 2.075562582982294901e-01 -7.516663032756695784e-02 7.933028119475544759e-01 7.636720965498509095e-01 5.762053813402538971e-01 8.619237038142368856e-01 1.480575866216503389e+00
-2.238251965460931192e-01 -5.841643249796385495e-01 -2.457977596274369125e-01 -1.740067142052188931e+00 -1.492829420410889840e+00 1.456539484569959741e+00 2.942096034999814314e-01 -3.296774070877204754e-01 -5.380261723268382479e-01 1.644741695143897009e-01 -8.986478321785149603e-01 3.368189915749189023e-01 -6.746992123253605644e-01 -7.564379059028144558e-01 -1.121230493410088513e+00 1.968284344533345609e-01 -2.421771468344880718e-01 -4.304487441139389081e-01 7.534223155439424557e-01 1.745313430660685450e-01 -1.188743040002177231e+00 3.763089089487915651e+00 1.032965424207641369e+00
2.166807581644699110e-01 6.080686851927800118e-01 4.795699230531652035e-01 -1.874846732814256789e-01 7.759151631052943997e-03 -1.363869876603636566e+00 -4.698218399088121000e-01 -2.059592280104278750e+00 9.158042346446469972e-01 -6.595763650211665663e-01 -1.138647017473596534e+00 5.662606016834312861e-01 6.258659021648327325e-01 6.030507497469229650e-01 -1.916325606238099333e+00 3.212209067946309449e-01 9.595752402499236888e-01 1.116464221087419384e+00 1.171387783415119566e-01 -2.399100298826022826e+00 2.370821982461411848e-01 2.653729836747114046e+00 1.770832693053463025e+00
3.394197877582174061e-01 -5.315084011455046831e-01 7.520616871661638392e-01 3.632518059785622366e+00 -8.672085249947648899e-02 1.080487183550309371e+00 -2.229896266047762254e-01 4.937267334400955443e-01 8.296683592669531482e-01 4.995221876541539596e-01 -8.427682215321629089e-01 9.930111128585332736e-01 8.437205350639938040e-01 3.688771657740425036e-02 -1.224732915950566436e+00 8.411630949867764384e-01 2.708736370574567620e-01 -1.097737662687203963e+00 1.523259452153761018e+00 2.045543811592337533e-03 -1.121019795311509082e+00 4.562832883139609663e+00 1.602625673642870341e+00
4.257032036831684407e-01 2.840443745340017756e-01 -6.434281330168927227e-01 -9.602853781431243130e-01 -1.125035067177445391e+00 -8.843125418002103499e-01 -1.162265993871006042e+00 -2.568955515899417619e-01 6.757639030049767959e-01 1.681706757077898517e+00 1.259149198749963228e+00 1.060540811061394750e+00 4.698855514482512263e-01 -2.880673154438631034e-01 2.147005371603694091e-01 -4.361437038361291596e-01 -4.492657348665673456e-01 3.613667737643168620e-01 1.409195395476835755e-01 -1.083284355440248481e+00 -2.350646499814480761e-01 2.332100222243872700e+00 2.321963115356761698e+00
-1.811830122179326485e+00 3.193745047436005735e-01 -1.320198480332957391e+00 4.954472917160979706e-01 -1.335816586936315886e-01 -1.421197658424460775e+00 6.228681627324789138e-01 1.267448014707178938e+00 -4.657988956343875886e-01 9.554267270245682120e-01 1.581047413938398538e+00 3.120579054757565696e-01 4.383538353091313844e-02 8.836244149672879411e-01 -6.001337227425900256e-01 2.414756648836898778e-01 -1.473162686920235664e+00 -1.139774028303614850e+00 7.067987546588452297e-01 -7.219066934145618175e-01 -5.176767189218333537e-02 9.412975808225869656e-01 3.717048677761875530e-01
7.329921307866541502e-01 1.910123146488545087e+00 -1.387575446429968995e+00 -3.313436014427724730e-01 1.071542346687047065e+00 7.543283075750581990e-01 1.899239509857007180e+00 -4.922114307277655754e-02 3.499255514157183500e-01 -3.410781932330400612e-01 1.677495194988191995e+00 4.410444400897035877e-02 -1.225424103350140514e+00 3.143689426453094016e-01 1.896227414540915923e+00 -9.433044058204139715e-01 -6.845337916165935566e-01 -2.507726174665476093e-01 -8.913657713955297490e-01 -1.129519118829912960e+00 1.162261276439239266e+00 2.589943376723332857e+00 1.150383587075098468e+00
3.687452878179954541e-02 7.876227309826050460e-01 -5.704560112580285836e-01 3.599143520906208232e-02 9.074579120437726854e-01 -2.127868904255819427e+00 1.775018836031006852e+00 -2.254316222324315999e-01 4.166196463923931698e-02 -6.656184117413570522e-01 2.721399589694854626e+00 5.558269595254397011e-01 -4.783107285109405304e-01 7.645116818276875836e-02 -6.079046891069465053e-01 -1.080438903860833300e+00 -5.323481655139478130e-01 1.489523418938637711e+00 -4.065448459768854494e-01 2.519870967964357167e-01 1.397198386336348852e+00 1.779676321384475290e+00 7.219579645430160841e-01
-7.853173210945376681e-01 8.597229950051576974e-01 3.434075224204719001e-01 -4.977128631579817997e-01 -9.688408382384608997e-01 1.899327648219881204e-01 -1.140626542108511332e+00 -4.726009769436113547e-03 7.409369987036659166e-01 -1.318718368005886266e+00 -9.582193016367204219e-01 3.266157675020515128e-01 -2.154569942256939541e+00 7.153551242366888996e-01 -6.588680135360724943e-01 -1.426748867299520718e-01 9.895441365383603749e-01 -7.132633555711559437e-02 6.855940610733242124e-01 -2.388845938007579939e-01 1.345126436505873269e+00 2.604385349048727871e+00 1.802520691630019156e+00
1.229535085286054485e+00 1.519527450149141590e+00 3.868026731565060716e-01 1.521895402886679571e+00 1.958306926927199321e+00 -1.399530520578300852e+00 -6.615381401164850406e-01 5.397508194412126148e-01 -1.022930251685423911e-02 -2.377346967713730719e-01 -2.022378353167444853e+00 1.419309634751493521e+00 -8.328439897699669858e-01 -1.018022826117319424e+00 1.154542898877329415e+00 1.520048921978331524e+00 -4.100155349342939903e-01 1.681174815127703281e+00 3.518873381470660200e-01 2.467874947531958074e-01 -1.316323613797978132e+00 8.401787616467792930e-01 -4.743084059716067280e-01
1.448729617827974048e+00 4.689781849850783169e-01 -2.018702177295376154e-01 6.886980125317119228e-01 -2.092136607330450926e-01 -2.618516407220468079e-01 6.916795933929760221e-01 1.998817163824294640e+00 8.240663458975976408e-01 -1.416787044693106123e+00 2.356643780543294930e+00 -4.086573353629665006e-01 -1.146251946366252383e+00 1.955187847892420283e+00 1.351576967899404291e+00 -1.990412416121783712e-01 5.370313117602307229e-02 -7.748017320586298995e-01 1.901427064302332604e-01 -4.722835111146031495e-01 1.214966357244783302e+00 3.430140009464432538e+00 5.270889567154652955e-01
-2.200928548938804852e+00 -2.280362769869932471e-01 -8.333087363216200583e-01 -7.139721029516498119e-01 8.590403730376729996e-01 -2.693611785367897027e-01 -9.016448250947016740e-01 4.176216178406534918e-01 9.187158130520818311e-01 -5.337209055564705595e-01 -5.607232824456054310e-01 -5.428469813371450403e-01 2.375562338201794160e-02 -7.665805861284012979e-01 2.572147793938743821e-01 1.109160955485988032e+00 -1.334259987704057737e+00 6.635446511321473340e-01 -1.801294367338080349e+00 -1.152591389823832246e+00 7.683260950323353988e-01 1.186065799473122517e+00 3.193329324166108929e+00
7.148998538476880604e-01 -3.040411398666245102e-01 3.418477020437859365e-02 -2.946478327896565053e-01 -1.171913394470472713e+00 -9.911481808300182106e-02 3.539759314633372234e-01 -3.590077992505019133e-01 1.691090361033003031e-01 -5.633425654777223825e-03 1.359379217395639605e+00 1.297139002851084522e+00 2.780595412834937719e+00 -7.027981633527020655e-01 -3.115317846822308612e-01 -2.540648860151662802e+00 2.944221197246803534e-01 4.297904434750698388e-01 -5.432244139697494090e-01 3.316034701719975941e-01 1.865751672879578937e-01 1.345342761460845749e+00 1.279563764808326010e+00
-9.720297661875142506e-03 1.784033743453739829e-01 1.548114266059739563e+00 -1.627222527393425100e+00 1.508331715023709663e+00 8.467058177829654975e-01 -1.063864744716741390e-01 6.563625580572493012e-01 1.050880595368994364e+00 -2.560953587144581059e-02 -6.746734043617077514e-01 -3.420338142269996884e-01 9.928895957427912311e-01 8.161470174824984047e-01 -2.807993414393658016e-01 1.860718220860104299e+00 5.135300559333313419e-01 -6.827433121444682618e-01 -9.495264407544802276e-01 -6.855363958986219197e-01 9.940497622674726586e-01 1.944977680403398024e+00 1.113100031823478719e+00
1.313266103621035796e+00 8.241237939859958894e-01 -1.944957340577536442e+00 -2.337853517544259963e-01 6.220476174682475490e-01 -6.861789347356415103e-01 1.279458845017537705e+00 1.105550086322483638e+00 -1.153146507544214439e+00 3.167768053931398486e-01 -1.042761426078971043e+00 1.094657592621834041e+00 -9.075254149408999993e-01 5.149342424520102213e-02 -8.530791901805159227e-01 -7.782589810599296887e-02 -6.589501866342206693e-01 -5.998428068152273918e-01 -2.376963935443781317e-01 -4.094760666417465167e-01 1.236173288540881182e-01 3.858517277329888806e+00 5.124673959041656790e-01
1.528505823678652398e+00 -7.475479119123381588e-01 1.084751372144051151e+00 -3.839733453422336518e-01 -2.481691213503347093e+00 1.812784570515063309e-01 -2.563526486327634135e+00 5.528323027851447108e-02 -1.713088623944542255e-01 -4.776101137711962624e-02 -7.284499418258869596e-01 -9.234579948143135653e-01 -1.014113543666834150e-01 -5.976695067839394859e-01 3.720855209069844904e-01 -9.493835760420294978e-01 6.681504602573539175e-01 7.107801168657278401e-01 2.129683626322488976e+00 -9.749752095266344121e-01 1.344123307407650403e+00 3.143325875109505674e+00 2.142523640201017709e+00
1.632444081902031940e-01 3.851333084524324185e-02 -2.663623148021190268e-01 -1.182036134173445774e+00 1.072849435561991527e+00 -4.306505576200886365e-02 -4.456453284631631262e-01 -1.078083413174144134e+00 -9.975625010088182698e-01 3.544307829631856976e-01 1.136952964948879430e+00 -1.607269913643090131e+00 -1.377931046293074724e+00 2.648623725063117829e-01 -1.374623857893573498e-01 -2.404970128143267827e-01 -1.360677230500182855e+00 -1.882283132572424300e+00 -1.465698076826493557e+00 -2.016924564535301556e+00 -4.450172566555914977e-01 3.265872565908319203e+00 9.947684195127193263e-01
