-2.235524445428344054e-01 -1.301600241060911836e-02 -1.288972374482194316e-01 -1.655224550295173944e-02 -6.780870275630733468e-02 1.560271903421621420e-01 2.540300777901141949e+00 7.740438490725933818e-01
-2.528477372479734017e-02 -1.659170060484815024e-01 -1.152148198482452895e-01 -1.082333090879570303e-01 -2.308324876838094841e-01 -4.908155829661610403e-02 2.683161873849255308e+00 6.681831061613106026e-01
-6.039989417276562383e-02 -9.494312388379044787e-02 -1.329132302472584848e-01 -1.245990126331015461e-04 -1.344096979584207263e-01 8.644854879314312068e-02 2.469048210803441723e+00 9.296738718195305395e-01
-1.901617489895562028e-03 -5.019094807758675558e-02 1.383142101780376054e-01 7.527168356806042404e-02 -2.896211537744667469e-02 1.842430948067066976e-02 2.744862964389172433e+00 9.883028223368952592e-01
-7.186700466277683164e-02 9.976173959536693836e-02 -1.721013684368969676e-01 -1.769135022973848947e-01 5.558403465364863960e-02 -1.025732572337589438e-01 2.547735514031076232e+00 7.291907063998335214e-01
-1.293500508963993205e-02 7.446092842841952122e-03 -1.378344476325302215e-01 -6.300351888457232652e-02 2.631459266763864352e-02 -1.468989068312827051e-01 2.543865506275765132e+00 8.057263661907352326e-01
-4.041482321881397638e-02 2.948041385149570773e-02 -6.105735771852689731e-02 -1.857201837845205983e-01 1.095272428110755092e-02 4.380949502402186994e-03 2.609673033079869864e+00 6.802772935503089702e-01
-4.875438065241657903e-02 6.215304102125979169e-03 -7.007747259999309863e-02 9.669612052618326015e-02 -4.860688059122759280e-02 -1.972207776885923081e-02 2.571922954010005924e+00 7.851375872587728066e-01
-8.513407823072260266e-03 6.299985137164425264e-02 6.815393788332965719e-02 -4.100448121101231934e-03 8.838457477121353101e-02 2.327662081341238809e-01 2.528517522861424283e+00 9.254127848427275982e-01
4.162205687354012668e-03 1.001948717530766891e-01 -5.221977660399527293e-02 -5.252921987265024573e-02 6.721245755215556061e-02 -1.859517935464313487e-01 2.499438048062085027e+00 6.990971046809617562e-01
