-1.281134425436688228e-02
5.640599140093030576e-07
2.351616088792777420e-02
2.211561560706840875e-07
-1.660879300351510081e-04
7.237185383173961248e-08
-6.857966031941446146e-06
9.386187776093939394e-01
-2.355728182934135577e-06
-5.538000794817508204e-03
6.128535683605064236e-06
-3.389182600126997423e-06
-3.895648530227452474e-07
5.306276712536752003e-07
-1.908042779234597188e-03
-1.471809204067642006e-07
-1.020334713045128842e-02
9.191673762256711043e-06
3.162602962659054162e-07
6.019109488262476511e-08
5.659691958882673811e-07
