-2.160723655643704069e-02
-1.814716807653364844e-06
6.101359185996291928e-03
1.159918005628287631e-07
-1.235645405684803572e-04
5.398793753953394431e-09
2.252314787420781381e-06
-4.559053032014395712e-01
9.885694634295020599e-07
6.438898631721823480e-03
-2.364380763393944821e-07
1.937684108803833469e-06
-3.833447526408601743e-07
1.968266837727238662e-07
-6.514673669256475013e-04
1.849324972011816509e-06
-2.600587086294219724e-03
-3.073430376126607444e-06
1.129663167689674812e-07
-3.766137593068227158e-07
5.198347909837065801e-06
